17 68
62 15
4507 17764

19 95
59 23
6550 10174

20 58
60 11
3140 4691

92 31
49 87
6599 2717

46 72
29 12
18754 13304

42 33
19 81
3531 6144

80 13
20 75
1860 3818

79 14
56 66
6740 3830

18 85
70 36
5358 5861

42 44
52 14
6310 4870

56 90
88 41
9208 8572

95 67
13 71
3065 6799

70 22
13 57
17469 5153

36 65
79 27
5764 4394

20 46
67 29
4637 10139

47 72
42 20
1495 10984

37 96
70 53
3563 6029

20 59
62 13
5550 18133

16 52
70 61
2400 5136

70 32
22 53
320 18668

47 78
78 17
6317 6323

48 33
20 89
4296 7017

17 53
43 14
19634 5590

41 95
78 30
6816 6900

14 75
65 12
10103 12239

84 69
23 95
6178 11620

57 88
70 33
4926 6479

84 34
29 78
6138 2882

32 60
62 29
13264 10848

81 69
13 61
7893 11217

98 12
85 85
8352 3708

22 91
73 39
1457 4186

38 56
97 16
9339 3480

46 13
36 71
14918 17793

27 74
64 13
11637 3584

18 58
35 16
13544 2948

32 99
99 16
7159 4441

86 49
12 49
13188 6269

19 72
37 27
1001 3114

80 39
36 55
3848 4797

32 77
82 21
4120 4977

41 64
41 16
1829 5360

67 45
13 29
19806 5416

84 13
37 55
2852 3792

70 37
21 52
8089 10953

16 57
81 38
18875 17714

91 87
24 97
3019 5182

48 60
75 17
3267 937

78 26
54 95
10638 9706

21 90
65 18
5264 4320

14 58
41 33
931 983

22 45
55 23
18987 18336

24 61
75 29
5127 5758

49 84
38 11
3463 3446

32 75
54 11
10780 933

18 84
75 31
2577 2137

16 53
66 24
12502 7650

46 75
46 20
7598 5780

97 57
40 75
6896 6936

87 49
17 61
2245 5687

89 43
38 88
8665 7181

39 94
34 26
2237 5112

57 12
40 71
5110 6395

92 13
29 88
6278 4411

94 81
13 64
3211 5882

49 34
14 65
1939 3778

32 73
50 12
12774 12247

34 97
78 59
1364 1602

13 44
70 41
13681 7491

72 44
13 56
1078 1716

56 30
27 58
3425 5100

99 18
40 83
9389 6175

44 14
17 66
7836 16974

16 58
79 29
1201 18041

60 19
52 73
5560 5718

13 51
69 26
7423 7244

40 14
42 60
6320 5836

73 29
20 54
12274 12544

12 64
89 95
8072 9640

26 49
70 26
2276 3442

68 47
29 69
7480 8499

13 28
86 21
1826 1141

97 85
25 88
5021 6647

24 50
85 17
1952 2786

21 71
59 21
18503 12693

94 58
42 85
12332 12395

93 49
13 40
9332 7370

58 44
32 84
6696 10216

18 77
56 51
2952 5840

13 76
46 11
14558 6711

46 20
45 70
6149 5750

92 39
54 97
10056 10488

25 48
80 50
2260 1542

12 52
39 20
2225 10452

25 62
42 15
2596 12552

11 39
67 17
2192 12338

90 59
19 57
5277 7602

50 34
33 80
1245 1710

11 63
83 12
4173 15554

52 97
91 13
13091 10469

23 57
69 36
8771 6614

21 40
67 40
15512 5120

20 47
66 22
9426 16922

15 37
49 14
2334 3915

25 51
44 17
4718 4386

77 30
16 78
7755 7758

55 87
64 15
10939 9456

64 17
24 78
312 3577

15 68
73 12
708 6800

71 66
12 42
7143 8028

70 24
22 66
1930 10706

52 28
29 47
19597 3007

11 24
51 24
2230 1200

23 80
55 15
2251 1130

20 42
75 48
15760 14762

63 12
32 77
1622 1319

11 20
54 22
10462 1050

24 72
53 12
5360 10304

99 52
12 52
8937 5928

62 25
57 95
10249 10110

40 99
91 13
3050 1182

26 60
71 38
9324 9448

60 88
73 32
8559 7824

59 21
59 75
4602 2070

14 48
47 19
4601 3977

64 22
29 65
12970 19186

28 19
18 43
2002 2005

24 17
12 30
14612 12593

34 54
88 12
9576 2688

22 35
51 17
6367 4806

28 53
91 44
5194 3932

31 11
30 69
14791 1482

46 94
26 17
3028 3514

79 29
13 52
16594 6031

76 36
32 80
5908 3836

20 41
59 28
4243 10632

72 32
22 58
15972 11444

53 28
28 58
3946 10646

19 69
61 22
9244 17018

20 71
64 18
17356 9567

28 89
69 50
5623 5174

62 17
11 73
1851 10184

60 22
18 38
3728 6252

58 32
28 94
5286 6844

53 80
58 14
8236 5886

15 49
46 18
11211 18229

21 96
27 29
2448 7697

42 85
93 37
5364 5412

56 32
16 31
3368 3389

14 66
81 66
7042 11088

12 54
76 37
5280 15420

37 24
12 44
4537 5804

55 14
24 85
4477 3743

70 92
73 17
5044 2840

13 51
40 38
2505 5665

63 24
22 55
6942 6141

30 75
62 22
14496 6211

87 43
30 75
3153 6312

77 37
14 45
11197 3283

48 25
49 96
1254 1076

14 77
53 55
1972 5170

32 19
18 39
3720 3681

36 13
39 75
5181 6196

34 23
11 35
14981 13421

83 28
11 47
5038 15145

44 98
78 26
7832 4444

18 11
19 44
15969 15082

14 81
39 34
1722 1914

29 94
75 55
9696 14311

41 79
58 19
4374 5367

47 14
35 66
17301 1534

68 29
21 98
6996 5833

16 61
72 15
10896 9927

69 16
17 99
4411 2924

16 73
43 42
2463 4299

54 16
21 43
4187 10273

49 13
49 83
6076 4902

40 19
17 31
18121 6893

22 89
62 33
3470 2929

24 51
51 11
13013 7760

40 72
94 29
10730 8799

85 18
64 86
3858 4222

99 11
18 71
1530 722

69 12
93 98
11136 9792

95 75
21 96
917 1677

22 57
46 17
7332 17866

55 19
27 67
8606 17118

42 92
77 50
3416 2736

13 64
92 86
5175 6030

56 18
20 46
4068 5212

78 11
19 79
6081 10602

19 87
84 35
3342 3765

57 33
19 43
8062 8686

93 60
14 72
1229 2556

55 24
14 94
1871 6002

13 19
37 15
11560 7340

97 92
68 14
12918 8566

64 16
19 58
15227 15866

12 62
63 17
11813 12953

72 28
20 52
1284 4264

76 17
23 38
8199 4101

84 38
17 47
7592 6422

76 26
33 61
7100 3622

53 45
14 48
3495 4737

14 57
95 13
2193 4817

91 24
39 44
8905 4776

36 95
54 14
6570 8985

47 26
27 45
9856 1870

70 23
33 80
6705 3932

93 22
72 97
13317 8748

68 56
12 82
3792 5070

91 19
50 58
7149 4917

17 85
62 56
6472 11278

71 18
16 75
7574 7170

13 78
64 76
3350 6856

65 14
16 42
8942 19674

37 19
20 33
15445 3074

12 40
76 26
1848 19728

86 16
11 96
7116 9216

62 14
49 69
5138 6722

44 63
42 17
10920 3470

51 26
35 55
11198 1063

85 11
11 72
507 16765

50 17
28 55
2500 4978

17 41
60 38
11731 5537

31 41
91 36
9013 6353

62 21
15 59
1794 13288

41 14
26 49
7670 3910

24 99
95 54
8639 10971

13 80
93 52
4898 7248

97 73
31 83
6926 10702

21 86
90 65
7887 8317

37 42
83 27
7887 3105

19 68
67 25
3042 7375

30 51
80 15
2140 2670

87 22
49 91
6983 3338

74 42
14 40
8560 1180

98 11
53 87
4734 3125

36 60
94 15
6512 2070

36 11
33 57
15008 16375

79 51
18 46
12284 18892

25 63
66 18
12741 16919

11 54
76 33
4920 6683

23 71
55 17
15713 18075

92 85
72 14
11088 6988

90 31
15 41
8280 5217

16 52
72 24
15496 13792

17 24
76 16
8548 3760

21 42
56 20
3955 3034

57 15
16 20
3915 1125

64 16
25 70
12199 10666

13 57
36 13
12196 1889

50 70
29 13
19005 11065

58 87
76 34
6738 7227

79 62
24 88
2126 1876

29 89
70 22
7399 4003

61 36
12 47
7624 15339

16 27
43 14
15461 6925

53 14
17 53
1833 2085

12 46
76 33
17232 7631

23 15
11 32
2079 2051

14 61
79 31
19076 19749

67 97
95 39
12736 11344

14 23
35 11
6444 17109

14 40
32 17
5020 6220

53 14
14 42
17332 3966

43 16
12 25
2577 12758

26 12
24 47
17828 3061

99 66
43 91
6135 8391

13 41
63 12
6296 12458

18 42
88 22
2486 1034

35 80
52 37
5416 8041

81 32
21 50
3750 1690

90 27
17 82
3355 6005

35 14
35 48
13850 6312

94 82
14 41
4962 6027

18 86
36 31
2826 8849

24 42
57 26
4289 16742

15 59
76 27
12775 18008

64 27
20 65
19348 11874

27 55
85 14
2653 1903

90 12
47 90
681 342

13 29
18 13
2527 8550

71 34
25 59
10411 6369

78 26
61 98
7284 3360

49 78
47 11
8090 8347

65 29
23 59
3886 2806

13 58
82 33
17126 1844

15 46
52 29
14512 8557

51 19
17 57
4573 2565

16 84
43 29
2326 2374

21 80
52 12
2872 11268

16 56
42 20
1218 17444

43 14
25 38
2364 11092

34 16
42 65
19300 16358

12 47
68 29
17592 3390

38 11
55 70
4021 1867

33 13
14 52
8642 16058

74 27
12 54
5318 5265

28 44
38 11
11126 12365

34 56
44 20
14102 5556

75 85
53 16
6607 5549

81 20
35 57
2908 3281

13 30
41 19
10899 10340

11 25
64 22
18766 8966

57 15
17 42
14691 8777

19 29
72 16
7014 3194

22 57
44 21
15632 19217

48 94
86 37
11514 11115

11 53
57 22
8712 5709

92 23
12 81
7868 7661

52 79
63 22
5604 2322

20 51
95 41
9500 8125

24 85
68 46
7808 9339

16 58
83 72
2007 4300

86 16
31 75
7780 5186

21 59
89 41
2578 3062

62 13
34 86
5006 6334

75 86
80 11
6665 1749

20 55
59 47
2643 3004