Ans 109496
CAC
1 49 0 1 72310
1 50 0 -1 37185

CAC
1 50 0 1 72311
1 51 0 -1 37184

CAC
1 51 0 1 72312
1 52 0 -1 37183

CAC
1 52 0 1 72313
1 53 0 -1 37182

CAC
1 53 1 0 73314
2 53 -1 0 36181

CAC
1 55 0 1 76328
1 56 0 -1 33167

CAC
1 56 0 1 76329
1 57 0 -1 33166

CAC
1 57 0 1 76330
1 58 0 -1 33165

CAC
1 58 0 1 76331
1 59 0 -1 33164

CAC
1 59 0 1 76332
1 60 0 -1 33163

CAC
1 60 0 1 76333
1 61 0 -1 33162

CAC
1 61 0 1 76334
1 62 0 -1 33161

CAC
1 62 0 1 76335
1 63 0 -1 33160

CAC
1 63 0 1 76336
1 64 0 -1 33159

CAC
1 64 0 1 76337
1 65 0 -1 33158

CAC
1 65 0 1 76338
1 66 0 -1 33157

CAC
1 66 0 1 76339
1 67 0 -1 33156

CAC
1 67 0 1 76340
1 68 0 -1 33155

CAC
1 68 0 1 76341
1 69 0 -1 33154

CAC
1 69 0 1 76342
1 70 0 -1 33153

CAC
1 70 0 1 76343
1 71 0 -1 33152

CAC
1 71 0 1 76344
1 72 0 -1 33151

CAC
1 72 0 1 76345
1 73 0 -1 33150

CAC
1 73 0 1 76346
1 74 0 -1 33149

CAC
1 74 0 1 76347
1 75 0 -1 33148

CAC
1 75 0 1 76348
1 76 0 -1 33147

CAC
1 76 0 1 76349
1 77 0 -1 33146

CAC
1 77 0 1 76350
1 78 0 -1 33145

CAC
1 78 0 1 76351
1 79 0 -1 33144

CAC
1 79 0 1 76352
1 80 0 -1 33143

CAC
1 80 0 1 76353
1 81 0 -1 33142

CAC
1 81 0 1 76354
1 82 0 -1 33141

CAC
1 82 0 1 76355
1 83 0 -1 33140

CAC
1 83 1 0 77356
2 83 -1 0 32139

CAC
1 85 0 1 80362
1 86 0 -1 29133

CAC
1 86 0 1 80363
1 87 0 -1 29132

CAC
1 87 0 1 80364
1 88 0 -1 29131

CAC
1 88 0 1 80365
1 89 0 -1 29130

CAC
1 89 0 1 80366
1 90 0 -1 29129

CAC
1 90 0 1 80367
1 91 0 -1 29128

CAC
1 91 0 1 80368
1 92 0 -1 29127

CAC
1 92 0 1 80369
1 93 0 -1 29126

CAC
1 93 0 1 80370
1 94 0 -1 29125

CAC
1 94 0 1 80371
1 95 0 -1 29124

CAC
1 95 0 1 80372
1 96 0 -1 29123

CAC
1 96 0 1 80373
1 97 0 -1 29122

CAC
1 97 0 1 80374
1 98 0 -1 29121

CAC
1 98 0 1 80375
1 99 0 -1 29120

CAC
1 99 1 0 81376
2 99 -1 0 28119

CAC
1 125 0 1 102474
1 126 0 -1 7021

CAC
1 126 0 1 102475
1 127 0 -1 7020

CAC
1 127 0 1 102476
1 128 0 -1 7019

CAC
1 128 0 1 102477
1 129 0 -1 7018

CAC
1 129 0 1 102478
1 130 0 -1 7017

CAC
1 130 0 1 102479
1 131 0 -1 7016

CAC
1 131 0 1 102480
1 132 0 -1 7015

CAC
1 132 0 1 102481
1 133 0 -1 7014

CAC
1 133 1 0 103482
2 133 -1 0 6013

CAC
1 135 0 1 106488
1 136 0 -1 3007

CAC
1 136 0 1 106489
1 137 0 -1 3006

CAC
1 137 1 0 107490
2 137 -1 0 2005

CAC
2 49 -1 0 71309
1 49 1 0 38186

CAC
2 53 1 0 73315
3 53 -1 0 36180

CAC
2 55 -1 0 75327
1 55 1 0 34168

CAC
2 83 1 0 77357
3 83 -1 0 32138

CAC
2 85 -1 0 79361
1 85 1 0 30134

CAC
2 99 1 0 81377
3 99 -1 0 28118

CAC
2 125 -1 0 101473
1 125 1 0 8022

CAC
2 133 1 0 103483
3 133 -1 0 6012

CAC
2 135 -1 0 105487
1 135 1 0 4008

CAC
2 137 1 0 107491
3 137 -1 0 2004

CAC
2 139 -1 0 109495
1 139 1 0 0

CAC
3 49 -1 0 71308
2 49 1 0 38187

CAC
3 53 1 0 73316
4 53 -1 0 36179

CAC
3 55 -1 0 75326
2 55 1 0 34169

CAC
3 83 0 1 78358
3 84 0 -1 31137

CAC
3 84 0 1 78359
3 85 0 -1 31136

CAC
3 85 -1 0 79360
2 85 1 0 30135

CAC
3 99 1 0 81378
4 99 -1 0 28117

CAC
3 125 -1 0 101472
2 125 1 0 8023

CAC
3 133 0 1 104484
3 134 0 -1 5011

CAC
3 134 0 1 104485
3 135 0 -1 5010

CAC
3 135 -1 0 105486
2 135 1 0 4009

CAC
3 137 0 1 108492
3 138 0 -1 1003

CAC
3 138 0 1 108493
3 139 0 -1 1002

CAC
3 139 -1 0 109494
2 139 1 0 1

CAC
4 49 -1 0 71307
3 49 1 0 38188

CAC
4 53 1 0 73317
5 53 -1 0 36178

CAC
4 55 -1 0 75325
3 55 1 0 34170

CAC
4 99 1 0 81379
5 99 -1 0 28116

CAC
4 125 -1 0 101471
3 125 1 0 8024

CAC
5 25 0 1 62266
5 26 0 -1 47229

CAC
5 26 0 1 62267
5 27 0 -1 47228

CAC
5 27 0 1 62268
5 28 0 -1 47227

CAC
5 28 0 1 62269
5 29 0 -1 47226

CAC
5 29 0 1 62270
5 30 0 -1 47225

CAC
5 30 0 1 62271
5 31 0 -1 47224

CAC
5 31 1 0 63272
6 31 -1 0 46223

CAC
5 33 0 1 66282
5 34 0 -1 43213

CAC
5 34 0 1 66283
5 35 0 -1 43212

CAC
5 35 0 1 66284
5 36 0 -1 43211

CAC
5 36 0 1 66285
5 37 0 -1 43210

CAC
5 37 0 1 66286
5 38 0 -1 43209

CAC
5 38 0 1 66287
5 39 0 -1 43208

CAC
5 39 0 1 66288
5 40 0 -1 43207

CAC
5 40 0 1 66289
5 41 0 -1 43206

CAC
5 41 0 1 66290
5 42 0 -1 43205

CAC
5 42 0 1 66291
5 43 0 -1 43204

CAC
5 43 0 1 66292
5 44 0 -1 43203

CAC
5 44 0 1 66293
5 45 0 -1 43202

CAC
5 45 0 1 66294
5 46 0 -1 43201

CAC
5 46 0 1 66295
5 47 0 -1 43200

CAC
5 47 1 0 67296
6 47 -1 0 42199

CAC
5 49 -1 0 71306
4 49 1 0 38189

CAC
5 50 0 -1 70305
5 49 0 1 39190

CAC
5 51 0 -1 70304
5 50 0 1 39191

CAC
5 53 1 0 73318
6 53 -1 0 36177

CAC
5 55 -1 0 75324
4 55 1 0 34171

CAC
5 99 1 0 81380
6 99 -1 0 28115

CAC
5 125 -1 0 101470
4 125 1 0 8025

CAC
6 25 -1 0 61265
5 25 1 0 48230

CAC
6 31 1 0 63273
7 31 -1 0 46222

CAC
6 33 -1 0 65281
5 33 1 0 44214

CAC
6 47 1 0 67297
7 47 -1 0 42198

CAC
6 51 -1 0 69303
5 51 1 0 40192

CAC
6 53 1 0 73319
7 53 -1 0 36176

CAC
6 55 -1 0 75323
5 55 1 0 34172

CAC
6 99 1 0 81381
7 99 -1 0 28114

CAC
6 125 -1 0 101469
5 125 1 0 8026

CAC
7 23 0 1 60262
7 24 0 -1 49233

CAC
7 24 0 1 60263
7 25 0 -1 49232

CAC
7 25 -1 0 61264
6 25 1 0 48231

CAC
7 31 1 0 63274
8 31 -1 0 46221

CAC
7 33 -1 0 65280
6 33 1 0 44215

CAC
7 47 0 1 68298
7 48 0 -1 41197

CAC
7 48 0 1 68299
7 49 0 -1 41196

CAC
7 49 0 1 68300
7 50 0 -1 41195

CAC
7 50 0 1 68301
7 51 0 -1 41194

CAC
7 51 -1 0 69302
6 51 1 0 40193

CAC
7 53 0 1 74320
7 54 0 -1 35175

CAC
7 54 0 1 74321
7 55 0 -1 35174

CAC
7 55 -1 0 75322
6 55 1 0 34173

CAC
7 99 1 0 81382
8 99 -1 0 28113

CAC
7 125 -1 0 101468
6 125 1 0 8027

CAC
8 23 -1 0 59261
7 23 1 0 50234

CAC
8 31 1 0 63275
9 31 -1 0 46220

CAC
8 33 -1 0 65279
7 33 1 0 44216

CAC
8 99 1 0 81383
9 99 -1 0 28112

CAC
8 125 -1 0 101467
7 125 1 0 8028

CAC
9 19 0 1 58256
9 20 0 -1 51239

CAC
9 20 0 1 58257
9 21 0 -1 51238

CAC
9 21 0 1 58258
9 22 0 -1 51237

CAC
9 22 0 1 58259
9 23 0 -1 51236

CAC
9 23 -1 0 59260
8 23 1 0 50235

CAC
9 31 0 1 64276
9 32 0 -1 45219

CAC
9 32 0 1 64277
9 33 0 -1 45218

CAC
9 33 -1 0 65278
8 33 1 0 44217

CAC
9 99 1 0 81384
10 99 -1 0 28111

CAC
9 125 -1 0 101466
8 125 1 0 8029

CAC
10 19 -1 0 57255
9 19 1 0 52240

CAC
10 99 1 0 81385
11 99 -1 0 28110

CAC
10 125 -1 0 101465
9 125 1 0 8030

CAC
11 19 -1 0 57254
10 19 1 0 52241

CAC
11 99 1 0 81386
12 99 -1 0 28109

CAC
11 107 0 1 86410
11 108 0 -1 23085

CAC
11 108 0 1 86411
11 109 0 -1 23084

CAC
11 109 0 1 86412
11 110 0 -1 23083

CAC
11 110 0 1 86413
11 111 0 -1 23082

CAC
11 111 0 1 86414
11 112 0 -1 23081

CAC
11 112 0 1 86415
11 113 0 -1 23080

CAC
11 113 0 1 86416
11 114 0 -1 23079

CAC
11 114 0 1 86417
11 115 0 -1 23078

CAC
11 115 1 0 87418
12 115 -1 0 22077

CAC
11 125 -1 0 101464
10 125 1 0 8031

CAC
12 19 -1 0 57253
11 19 1 0 52242

CAC
12 99 1 0 81387
13 99 -1 0 28108

CAC
12 107 -1 0 85409
11 107 1 0 24086

CAC
12 115 1 0 87419
13 115 -1 0 22076

CAC
12 125 -1 0 101463
11 125 1 0 8032

CAC
13 9 0 1 40202
13 10 0 -1 69293

CAC
13 10 0 1 40203
13 11 0 -1 69292

CAC
13 11 0 1 40204
13 12 0 -1 69291

CAC
13 12 0 1 40205
13 13 0 -1 69290

CAC
13 13 0 1 40206
13 14 0 -1 69289

CAC
13 14 0 1 40207
13 15 0 -1 69288

CAC
13 15 1 0 41208
14 15 -1 0 68287

CAC
13 19 -1 0 57252
12 19 1 0 52243

CAC
13 99 1 0 81388
14 99 -1 0 28107

CAC
13 107 -1 0 85408
12 107 1 0 24087

CAC
13 115 0 1 88420
13 116 0 -1 21075

CAC
13 116 0 1 88421
13 117 0 -1 21074

CAC
13 117 0 1 88422
13 118 0 -1 21073

CAC
13 118 0 1 88423
13 119 0 -1 21072

CAC
13 119 0 1 88424
13 120 0 -1 21071

CAC
13 120 0 1 88425
13 121 0 -1 21070

CAC
13 121 0 1 88426
13 122 0 -1 21069

CAC
13 122 0 1 88427
13 123 0 -1 21068

CAC
13 123 1 0 89428
14 123 -1 0 20067

CAC
13 125 -1 0 101462
12 125 1 0 8033

CAC
14 9 -1 0 39201
13 9 1 0 70294

CAC
14 15 1 0 41209
15 15 -1 0 68286

CAC
14 19 -1 0 57251
13 19 1 0 52244

CAC
14 99 1 0 81389
15 99 -1 0 28106

CAC
14 107 -1 0 85407
13 107 1 0 24088

CAC
14 123 1 0 89429
15 123 -1 0 20066

CAC
14 125 -1 0 101461
13 125 1 0 8034

CAC
15 7 0 1 38198
15 8 0 -1 71297

CAC
15 8 0 1 38199
15 9 0 -1 71296

CAC
15 9 -1 0 39200
14 9 1 0 70295

CAC
15 13 1 0 43212
16 13 -1 0 66283

CAC
15 14 0 -1 42211
15 13 0 1 67284

CAC
15 15 0 -1 42210
15 14 0 1 67285

CAC
15 19 -1 0 57250
14 19 1 0 52245

CAC
15 97 1 0 83392
16 97 -1 0 26103

CAC
15 98 0 -1 82391
15 97 0 1 27104

CAC
15 99 0 -1 82390
15 98 0 1 27105

CAC
15 107 -1 0 85406
14 107 1 0 24089

CAC
15 121 1 0 91432
16 121 -1 0 18063

CAC
15 122 0 -1 90431
15 121 0 1 19064

CAC
15 123 0 -1 90430
15 122 0 1 19065

CAC
15 125 -1 0 101460
14 125 1 0 8035

CAC
16 7 -1 0 37197
15 7 1 0 72298

CAC
16 13 1 0 43213
17 13 -1 0 66282

CAC
16 19 -1 0 57249
15 19 1 0 52246

CAC
16 97 1 0 83393
17 97 -1 0 26102

CAC
16 107 -1 0 85405
15 107 1 0 24090

CAC
16 121 1 0 91433
17 121 -1 0 18062

CAC
16 125 -1 0 101459
15 125 1 0 8036

CAC
17 7 -1 0 37196
16 7 1 0 72299

CAC
17 9 1 0 47222
18 9 -1 0 62273

CAC
17 10 0 -1 46221
17 9 0 1 63274

CAC
17 11 0 -1 46220
17 10 0 1 63275

CAC
17 13 1 0 43214
18 13 -1 0 66281

CAC
17 15 0 1 56244
17 16 0 -1 53251

CAC
17 16 0 1 56245
17 17 0 -1 53250

CAC
17 17 0 1 56246
17 18 0 -1 53249

CAC
17 18 0 1 56247
17 19 0 -1 53248

CAC
17 19 -1 0 57248
16 19 1 0 52247

CAC
17 97 0 1 84394
17 98 0 -1 25101

CAC
17 98 0 1 84395
17 99 0 -1 25100

CAC
17 99 0 1 84396
17 100 0 -1 25099

CAC
17 100 0 1 84397
17 101 0 -1 25098

CAC
17 101 0 1 84398
17 102 0 -1 25097

CAC
17 102 0 1 84399
17 103 0 -1 25096

CAC
17 103 0 1 84400
17 104 0 -1 25095

CAC
17 104 0 1 84401
17 105 0 -1 25094

CAC
17 105 0 1 84402
17 106 0 -1 25093

CAC
17 106 0 1 84403
17 107 0 -1 25092

CAC
17 107 -1 0 85404
16 107 1 0 24091

CAC
17 121 0 1 92434
17 122 0 -1 17061

CAC
17 122 0 1 92435
17 123 0 -1 17060

CAC
17 123 1 0 93436
18 123 -1 0 16059

CAC
17 125 -1 0 101458
16 125 1 0 8037

CAC
18 7 -1 0 37195
17 7 1 0 72300

CAC
18 9 1 0 47223
19 9 -1 0 62272

CAC
18 11 -1 0 45219
17 11 1 0 64276

CAC
18 13 1 0 43215
19 13 -1 0 66280

CAC
18 15 -1 0 55243
17 15 1 0 54252

CAC
18 123 1 0 93437
19 123 -1 0 16058

CAC
18 125 -1 0 101457
17 125 1 0 8038

CAC
19 7 -1 0 37194
18 7 1 0 72301

CAC
19 9 1 0 47224
20 9 -1 0 62271

CAC
19 11 -1 0 45218
18 11 1 0 64277

CAC
19 12 0 -1 44217
19 11 0 1 65278

CAC
19 13 0 -1 44216
19 12 0 1 65279

CAC
19 15 -1 0 55242
18 15 1 0 54253

CAC
19 16 0 -1 54241
19 15 0 1 55254

CAC
19 17 0 -1 54240
19 16 0 1 55255

CAC
19 121 1 0 95440
20 121 -1 0 14055

CAC
19 122 0 -1 94439
19 121 0 1 15056

CAC
19 123 0 -1 94438
19 122 0 1 15057

CAC
19 125 -1 0 101456
18 125 1 0 8039

CAC
20 7 -1 0 37193
19 7 1 0 72302

CAC
20 9 1 0 47225
21 9 -1 0 62270

CAC
20 17 -1 0 53239
19 17 1 0 56256

CAC
20 121 1 0 95441
21 121 -1 0 14054

CAC
20 125 -1 0 101455
19 125 1 0 8040

CAC
21 7 -1 0 37192
20 7 1 0 72303

CAC
21 9 0 1 48226
21 10 0 -1 61269

CAC
21 10 0 1 48227
21 11 0 -1 61268

CAC
21 11 0 1 48228
21 12 0 -1 61267

CAC
21 12 0 1 48229
21 13 0 -1 61266

CAC
21 13 1 0 49230
22 13 -1 0 60265

CAC
21 15 0 1 52236
21 16 0 -1 57259

CAC
21 16 0 1 52237
21 17 0 -1 57258

CAC
21 17 -1 0 53238
20 17 1 0 56257

CAC
21 121 0 1 96442
21 122 0 -1 13053

CAC
21 122 0 1 96443
21 123 0 -1 13052

CAC
21 123 1 0 97444
22 123 -1 0 12051

CAC
21 125 -1 0 101454
20 125 1 0 8041

CAC
21 126 0 -1 100453
21 125 0 1 9042

CAC
21 127 0 -1 100452
21 126 0 1 9043

CAC
22 7 -1 0 37191
21 7 1 0 72304

CAC
22 13 1 0 49231
23 13 -1 0 60264

CAC
22 15 -1 0 51235
21 15 1 0 58260

CAC
22 123 1 0 97445
23 123 -1 0 12050

CAC
22 127 -1 0 99451
21 127 1 0 10044

CAC
23 7 -1 0 37190
22 7 1 0 72305

CAC
23 13 0 1 50232
23 14 0 -1 59263

CAC
23 14 0 1 50233
23 15 0 -1 59262

CAC
23 15 -1 0 51234
22 15 1 0 58261

CAC
23 123 0 1 98446
23 124 0 -1 11049

CAC
23 124 0 1 98447
23 125 0 -1 11048

CAC
23 125 0 1 98448
23 126 0 -1 11047

CAC
23 126 0 1 98449
23 127 0 -1 11046

CAC
23 127 -1 0 99450
22 127 1 0 10045

CAC
24 7 -1 0 37189
23 7 1 0 72306

CAC
25 7 -1 0 37188
24 7 1 0 72307

CAC
26 7 -1 0 37187
25 7 1 0 72308

CAC
27 7 -1 0 37186
26 7 1 0 72309

CAC
28 7 -1 0 37185
27 7 1 0 72310

CAC
29 7 -1 0 37184
28 7 1 0 72311

CAC
30 7 -1 0 37183
29 7 1 0 72312

CAC
31 7 -1 0 37182
30 7 1 0 72313

CAC
32 7 -1 0 37181
31 7 1 0 72314

CAC
33 7 -1 0 37180
32 7 1 0 72315

CAC
34 7 -1 0 37179
33 7 1 0 72316

CAC
35 7 -1 0 37178
34 7 1 0 72317

CAC
35 8 0 -1 36177
35 7 0 1 73318

CAC
35 9 0 -1 36176
35 8 0 1 73319

CAC
35 10 0 -1 36175
35 9 0 1 73320

CAC
35 11 0 -1 36174
35 10 0 1 73321

CAC
36 11 -1 0 35173
35 11 1 0 74322

CAC
37 7 0 1 34168
37 8 0 -1 75327

CAC
37 8 0 1 34169
37 9 0 -1 75326

CAC
37 9 0 1 34170
37 10 0 -1 75325

CAC
37 10 0 1 34171
37 11 0 -1 75324

CAC
37 11 -1 0 35172
36 11 1 0 74323

CAC
38 7 -1 0 33167
37 7 1 0 76328

CAC
39 7 -1 0 33166
38 7 1 0 76329

CAC
39 8 0 -1 32165
39 7 0 1 77330

CAC
39 9 0 -1 32164
39 8 0 1 77331

CAC
40 7 -1 0 33165
39 7 1 0 76330

CAC
40 9 -1 0 31163
39 9 1 0 78332

CAC
41 7 -1 0 33164
40 7 1 0 76331

CAC
41 8 0 -1 32163
41 7 0 1 77332

CAC
41 9 0 -1 32162
41 8 0 1 77333

CAC
42 7 -1 0 33163
41 7 1 0 76332

CAC
42 9 -1 0 31161
41 9 1 0 78334

CAC
43 7 -1 0 33162
42 7 1 0 76333

CAC
43 8 0 -1 32161
43 7 0 1 77334

CAC
43 9 0 -1 32160
43 8 0 1 77335

CAC
44 7 -1 0 33161
43 7 1 0 76334

CAC
44 9 -1 0 31159
43 9 1 0 78336

CAC
45 7 -1 0 33160
44 7 1 0 76335

CAC
45 8 0 -1 32159
45 7 0 1 77336

CAC
45 9 0 -1 32158
45 8 0 1 77337

CAC
46 7 -1 0 33159
45 7 1 0 76336

CAC
46 9 -1 0 31157
45 9 1 0 78338

CAC
47 7 -1 0 33158
46 7 1 0 76337

CAC
47 8 0 -1 32157
47 7 0 1 77338

CAC
47 9 0 -1 32156
47 8 0 1 77339

CAC
48 9 -1 0 31155
47 9 1 0 78340

CAC
49 9 -1 0 31154
48 9 1 0 78341

CAC
50 9 -1 0 31153
49 9 1 0 78342

CAC
51 9 -1 0 31152
50 9 1 0 78343

CAC
52 9 -1 0 31151
51 9 1 0 78344

CAC
53 7 0 1 30148
53 8 0 -1 79347

CAC
53 8 0 1 30149
53 9 0 -1 79346

CAC
53 9 -1 0 31150
52 9 1 0 78345

CAC
54 7 -1 0 29147
53 7 1 0 80348

CAC
55 7 -1 0 29146
54 7 1 0 80349

CAC
56 7 -1 0 29145
55 7 1 0 80350

CAC
57 7 -1 0 29144
56 7 1 0 80351

CAC
58 7 -1 0 29143
57 7 1 0 80352

CAC
59 7 -1 0 29142
58 7 1 0 80353

CAC
60 7 -1 0 29141
59 7 1 0 80354

CAC
61 3 0 1 28136
61 4 0 -1 81359

CAC
61 4 0 1 28137
61 5 0 -1 81358

CAC
61 5 0 1 28138
61 6 0 -1 81357

CAC
61 6 0 1 28139
61 7 0 -1 81356

CAC
61 7 -1 0 29140
60 7 1 0 80355

CAC
62 3 -1 0 27135
61 3 1 0 82360

CAC
63 3 -1 0 27134
62 3 1 0 82361

CAC
64 3 -1 0 27133
63 3 1 0 82362

CAC
65 3 -1 0 27132
64 3 1 0 82363

CAC
66 3 -1 0 27131
65 3 1 0 82364

CAC
67 3 -1 0 27130
66 3 1 0 82365

CAC
68 3 -1 0 27129
67 3 1 0 82366

CAC
69 3 -1 0 27128
68 3 1 0 82367

CAC
70 3 -1 0 27127
69 3 1 0 82368

CAC
71 3 -1 0 27126
70 3 1 0 82369

CAC
72 3 -1 0 27125
71 3 1 0 82370

CAC
73 3 -1 0 27124
72 3 1 0 82371

CAC
74 3 -1 0 27123
73 3 1 0 82372

CAC
75 3 -1 0 27122
74 3 1 0 82373

CAC
76 3 -1 0 27121
75 3 1 0 82374

CAC
77 3 -1 0 27120
76 3 1 0 82375

CAC
78 3 -1 0 27119
77 3 1 0 82376

CAC
79 3 -1 0 27118
78 3 1 0 82377

CAC
80 3 -1 0 27117
79 3 1 0 82378

CAC
81 3 -1 0 27116
80 3 1 0 82379

CAC
81 4 0 -1 26115
81 3 0 1 83380

CAC
81 5 0 -1 26114
81 4 0 1 83381

CAC
81 6 0 -1 26113
81 5 0 1 83382

CAC
81 7 0 -1 26112
81 6 0 1 83383

CAC
81 8 0 -1 26111
81 7 0 1 83384

CAC
81 9 0 -1 26110
81 8 0 1 83385

CAC
81 10 0 -1 26109
81 9 0 1 83386

CAC
81 11 0 -1 26108
81 10 0 1 83387

CAC
81 12 0 -1 26107
81 11 0 1 83388

CAC
81 13 0 -1 26106
81 12 0 1 83389

CAC
81 14 0 -1 26105
81 13 0 1 83390

CAC
81 15 0 -1 26104
81 14 0 1 83391

CAC
82 15 -1 0 25103
81 15 1 0 84392

CAC
83 3 0 1 20086
83 4 0 -1 89409

CAC
83 4 0 1 20087
83 5 0 -1 89408

CAC
83 5 1 0 21088
84 5 -1 0 88407

CAC
83 11 0 1 24098
83 12 0 -1 85397

CAC
83 12 0 1 24099
83 13 0 -1 85396

CAC
83 13 0 1 24100
83 14 0 -1 85395

CAC
83 14 0 1 24101
83 15 0 -1 85394

CAC
83 15 -1 0 25102
82 15 1 0 84393

CAC
83 16 0 -1 24101
83 15 0 1 85394

CAC
83 17 0 -1 24100
83 16 0 1 85395

CAC
84 3 -1 0 19085
83 3 1 0 90410

CAC
84 5 1 0 21089
85 5 -1 0 88406

CAC
84 11 -1 0 23097
83 11 1 0 86398

CAC
84 17 -1 0 23099
83 17 1 0 86396

CAC
85 3 -1 0 19084
84 3 1 0 90411

CAC
85 5 0 1 22090
85 6 0 -1 87405

CAC
85 6 0 1 22091
85 7 0 -1 87404

CAC
85 7 0 1 22092
85 8 0 -1 87403

CAC
85 8 0 1 22093
85 9 0 -1 87402

CAC
85 9 0 1 22094
85 10 0 -1 87401

CAC
85 10 0 1 22095
85 11 0 -1 87400

CAC
85 11 -1 0 23096
84 11 1 0 86399

CAC
85 13 0 1 22094
85 14 0 -1 87401

CAC
85 14 0 1 22095
85 15 0 -1 87400

CAC
85 15 0 1 22096
85 16 0 -1 87399

CAC
85 16 0 1 22097
85 17 0 -1 87398

CAC
85 17 -1 0 23098
84 17 1 0 86397

CAC
86 3 -1 0 19083
85 3 1 0 90412

CAC
86 13 -1 0 21093
85 13 1 0 88402

CAC
87 1 0 1 18080
87 2 0 -1 91415

CAC
87 2 0 1 18081
87 3 0 -1 91414

CAC
87 3 -1 0 19082
86 3 1 0 90413

CAC
87 13 -1 0 21092
86 13 1 0 88403

CAC
88 1 -1 0 17079
87 1 1 0 92416

CAC
88 13 -1 0 21091
87 13 1 0 88404

CAC
89 1 -1 0 17078
88 1 1 0 92417

CAC
89 13 -1 0 21090
88 13 1 0 88405

CAC
89 14 0 -1 20089
89 13 0 1 89406

CAC
89 15 0 -1 20088
89 14 0 1 89407

CAC
90 1 -1 0 17077
89 1 1 0 92418

CAC
90 15 -1 0 19087
89 15 1 0 90408

CAC
91 1 -1 0 17076
90 1 1 0 92419

CAC
91 11 0 1 18082
91 12 0 -1 91413

CAC
91 12 0 1 18083
91 13 0 -1 91412

CAC
91 13 0 1 18084
91 14 0 -1 91411

CAC
91 14 0 1 18085
91 15 0 -1 91410

CAC
91 15 -1 0 19086
90 15 1 0 90409

CAC
92 1 -1 0 17075
91 1 1 0 92420

CAC
92 11 -1 0 17081
91 11 1 0 92414

CAC
93 1 -1 0 17074
92 1 1 0 92421

CAC
93 11 -1 0 17080
92 11 1 0 92415

CAC
94 1 -1 0 17073
93 1 1 0 92422

CAC
94 11 -1 0 17079
93 11 1 0 92416

CAC
95 1 -1 0 17072
94 1 1 0 92423

CAC
95 2 0 -1 16071
95 1 0 1 93424

CAC
95 3 0 -1 16070
95 2 0 1 93425

CAC
95 11 -1 0 17078
94 11 1 0 92417

CAC
96 3 -1 0 15069
95 3 1 0 94426

CAC
96 11 -1 0 17077
95 11 1 0 92418

CAC
97 3 -1 0 15068
96 3 1 0 94427

CAC
97 11 -1 0 17076
96 11 1 0 92419

CAC
98 3 -1 0 15067
97 3 1 0 94428

CAC
98 11 -1 0 17075
97 11 1 0 92420

CAC
99 3 -1 0 15066
98 3 1 0 94429

CAC
99 11 -1 0 17074
98 11 1 0 92421

CAC
100 3 -1 0 15065
99 3 1 0 94430

CAC
100 11 -1 0 17073
99 11 1 0 92422

CAC
101 3 0 1 16064
101 4 0 -1 93431

CAC
101 4 0 1 16065
101 5 0 -1 93430

CAC
101 5 0 1 16066
101 6 0 -1 93429

CAC
101 6 0 1 16067
101 7 0 -1 93428

CAC
101 7 0 1 16068
101 8 0 -1 93427

CAC
101 8 0 1 16069
101 9 0 -1 93426

CAC
101 9 0 1 16070
101 10 0 -1 93425

CAC
101 10 0 1 16071
101 11 0 -1 93424

CAC
101 11 -1 0 17072
100 11 1 0 92423

CAC
102 3 -1 0 15063
101 3 1 0 94432

CAC
103 3 -1 0 15062
102 3 1 0 94433

CAC
104 3 -1 0 15061
103 3 1 0 94434

CAC
105 3 -1 0 15060
104 3 1 0 94435

CAC
106 3 -1 0 15059
105 3 1 0 94436

CAC
107 3 -1 0 15058
106 3 1 0 94437

CAC
108 3 -1 0 15057
107 3 1 0 94438

CAC
109 3 -1 0 15056
108 3 1 0 94439

CAC
109 4 0 -1 14055
109 3 0 1 95440

CAC
109 5 0 -1 14054
109 4 0 1 95441

CAC
110 5 -1 0 13053
109 5 1 0 96442

CAC
111 5 -1 0 13052
110 5 1 0 96443

CAC
112 5 -1 0 13051
111 5 1 0 96444

CAC
113 5 -1 0 13050
112 5 1 0 96445

CAC
114 5 -1 0 13049
113 5 1 0 96446

CAC
115 5 -1 0 13048
114 5 1 0 96447

CAC
116 5 -1 0 13047
115 5 1 0 96448

CAC
117 1 0 1 12042
117 2 0 -1 97453

CAC
117 2 0 1 12043
117 3 0 -1 97452

CAC
117 3 0 1 12044
117 4 0 -1 97451

CAC
117 4 0 1 12045
117 5 0 -1 97450

CAC
117 5 -1 0 13046
116 5 1 0 96449

CAC
118 1 -1 0 11041
117 1 1 0 98454

CAC
119 1 -1 0 11040
118 1 1 0 98455

CAC
119 2 0 -1 10039
119 1 0 1 99456

CAC
119 3 0 -1 10038
119 2 0 1 99457

CAC
120 3 -1 0 9037
119 3 1 0 100458

CAC
121 3 -1 0 9036
120 3 1 0 100459

CAC
122 3 -1 0 9035
121 3 1 0 100460

CAC
123 1 0 1 8032
123 2 0 -1 101463

CAC
123 2 0 1 8033
123 3 0 -1 101462

CAC
123 3 -1 0 9034
122 3 1 0 100461

CAC
124 1 -1 0 7031
123 1 1 0 102464

CAC
125 1 -1 0 7030
124 1 1 0 102465

CAC
126 1 -1 0 7029
125 1 1 0 102466

CAC
127 1 -1 0 7028
126 1 1 0 102467

CAC
128 1 -1 0 7027
127 1 1 0 102468

CAC
129 1 -1 0 7026
128 1 1 0 102469

CAC
129 3 1 0 5016
130 3 -1 0 104479

CAC
129 4 0 -1 4015
129 3 0 1 105480

CAC
129 5 0 -1 4014
129 4 0 1 105481

CAC
130 1 -1 0 7025
129 1 1 0 102470

CAC
130 3 1 0 5017
131 3 -1 0 104478

CAC
130 5 -1 0 3013
129 5 1 0 106482

CAC
131 1 -1 0 7024
130 1 1 0 102471

CAC
131 3 1 0 5018
132 3 -1 0 104477

CAC
131 5 -1 0 3012
130 5 1 0 106483

CAC
132 1 -1 0 7023
131 1 1 0 102472

CAC
132 3 1 0 5019
133 3 -1 0 104476

CAC
132 5 -1 0 3011
131 5 1 0 106484

CAC
133 1 -1 0 7022
132 1 1 0 102473

CAC
133 2 0 -1 6021
133 1 0 1 103474

CAC
133 3 0 -1 6020
133 2 0 1 103475

CAC
133 5 -1 0 3010
132 5 1 0 106485

CAC
134 5 -1 0 3009
133 5 1 0 106486

CAC
135 1 0 1 2004
135 2 0 -1 107491

CAC
135 2 0 1 2005
135 3 0 -1 107490

CAC
135 3 0 1 2006
135 4 0 -1 107489

CAC
135 4 0 1 2007
135 5 0 -1 107488

CAC
135 5 -1 0 3008
134 5 1 0 106487

CAC
136 1 -1 0 1003
135 1 1 0 108492

CAC
136 5 -1 0 3007
135 5 1 0 106488

CAC
137 1 0 1 2002
137 2 0 -1 107493

CAC
137 2 0 1 2003
137 3 0 -1 107492

CAC
137 3 0 1 2004
137 4 0 -1 107491

CAC
137 4 0 1 2005
137 5 0 -1 107490

CAC
137 5 -1 0 3006
136 5 1 0 106489

CAC
138 1 -1 0 1001
137 1 1 0 108494

CAC
139 1 -1 0 1000
138 1 1 0 108495

